1.00000000e-02
1.10180361e-01
2.10360721e-01
3.10541082e-01
4.10721443e-01
5.10901804e-01
6.11082164e-01
7.11262525e-01
8.11442886e-01
9.11623246e-01
1.01180361e+00
1.11198397e+00
1.21216433e+00
1.31234469e+00
1.41252505e+00
1.51270541e+00
1.61288577e+00
1.71306613e+00
1.81324649e+00
1.91342685e+00
2.01360721e+00
2.11378758e+00
2.21396794e+00
2.31414830e+00
2.41432866e+00
2.51450902e+00
2.61468938e+00
2.71486974e+00
2.81505010e+00
2.91523046e+00
3.01541082e+00
3.11559118e+00
3.21577154e+00
3.31595190e+00
3.41613226e+00
3.51631263e+00
3.61649299e+00
3.71667335e+00
3.81685371e+00
3.91703407e+00
4.01721443e+00
4.11739479e+00
4.21757515e+00
4.31775551e+00
4.41793587e+00
4.51811623e+00
4.61829659e+00
4.71847695e+00
4.81865731e+00
4.91883768e+00
5.01901804e+00
5.11919840e+00
5.21937876e+00
5.31955912e+00
5.41973948e+00
5.51991984e+00
5.62010020e+00
5.72028056e+00
5.82046092e+00
5.92064128e+00
6.02082164e+00
6.12100200e+00
6.22118236e+00
6.32136273e+00
6.42154309e+00
6.52172345e+00
6.62190381e+00
6.72208417e+00
6.82226453e+00
6.92244489e+00
7.02262525e+00
7.12280561e+00
7.22298597e+00
7.32316633e+00
7.42334669e+00
7.52352705e+00
7.62370741e+00
7.72388778e+00
7.82406814e+00
7.92424850e+00
8.02442886e+00
8.12460922e+00
8.22478958e+00
8.32496994e+00
8.42515030e+00
8.52533066e+00
8.62551102e+00
8.72569138e+00
8.82587174e+00
8.92605210e+00
9.02623246e+00
9.12641283e+00
9.22659319e+00
9.32677355e+00
9.42695391e+00
9.52713427e+00
9.62731463e+00
9.72749499e+00
9.82767535e+00
9.92785571e+00
1.00280361e+01
1.01282164e+01
1.02283968e+01
1.03285772e+01
1.04287575e+01
1.05289379e+01
1.06291182e+01
1.07292986e+01
1.08294790e+01
1.09296593e+01
1.10298397e+01
1.11300200e+01
1.12302004e+01
1.13303808e+01
1.14305611e+01
1.15307415e+01
1.16309218e+01
1.17311022e+01
1.18312826e+01
1.19314629e+01
1.20316433e+01
1.21318236e+01
1.22320040e+01
1.23321844e+01
1.24323647e+01
1.25325451e+01
1.26327255e+01
1.27329058e+01
1.28330862e+01
1.29332665e+01
1.30334469e+01
1.31336273e+01
1.32338076e+01
1.33339880e+01
1.34341683e+01
1.35343487e+01
1.36345291e+01
1.37347094e+01
1.38348898e+01
1.39350701e+01
1.40352505e+01
1.41354309e+01
1.42356112e+01
1.43357916e+01
1.44359719e+01
1.45361523e+01
1.46363327e+01
1.47365130e+01
1.48366934e+01
1.49368737e+01
1.50370541e+01
1.51372345e+01
1.52374148e+01
1.53375952e+01
1.54377756e+01
1.55379559e+01
1.56381363e+01
1.57383166e+01
1.58384970e+01
1.59386774e+01
1.60388577e+01
1.61390381e+01
1.62392184e+01
1.63393988e+01
1.64395792e+01
1.65397595e+01
1.66399399e+01
1.67401202e+01
1.68403006e+01
1.69404810e+01
1.70406613e+01
1.71408417e+01
1.72410220e+01
1.73412024e+01
1.74413828e+01
1.75415631e+01
1.76417435e+01
1.77419238e+01
1.78421042e+01
1.79422846e+01
1.80424649e+01
1.81426453e+01
1.82428257e+01
1.83430060e+01
1.84431864e+01
1.85433667e+01
1.86435471e+01
1.87437275e+01
1.88439078e+01
1.89440882e+01
1.90442685e+01
1.91444489e+01
1.92446293e+01
1.93448096e+01
1.94449900e+01
1.95451703e+01
1.96453507e+01
1.97455311e+01
1.98457114e+01
1.99458918e+01
2.00460721e+01
2.01462525e+01
2.02464329e+01
2.03466132e+01
2.04467936e+01
2.05469739e+01
2.06471543e+01
2.07473347e+01
2.08475150e+01
2.09476954e+01
2.10478758e+01
2.11480561e+01
2.12482365e+01
2.13484168e+01
2.14485972e+01
2.15487776e+01
2.16489579e+01
2.17491383e+01
2.18493186e+01
2.19494990e+01
2.20496794e+01
2.21498597e+01
2.22500401e+01
2.23502204e+01
2.24504008e+01
2.25505812e+01
2.26507615e+01
2.27509419e+01
2.28511222e+01
2.29513026e+01
2.30514830e+01
2.31516633e+01
2.32518437e+01
2.33520240e+01
2.34522044e+01
2.35523848e+01
2.36525651e+01
2.37527455e+01
2.38529259e+01
2.39531062e+01
2.40532866e+01
2.41534669e+01
2.42536473e+01
2.43538277e+01
2.44540080e+01
2.45541884e+01
2.46543687e+01
2.47545491e+01
2.48547295e+01
2.49549098e+01
2.50550902e+01
2.51552705e+01
2.52554509e+01
2.53556313e+01
2.54558116e+01
2.55559920e+01
2.56561723e+01
2.57563527e+01
2.58565331e+01
2.59567134e+01
2.60568938e+01
2.61570741e+01
2.62572545e+01
2.63574349e+01
2.64576152e+01
2.65577956e+01
2.66579760e+01
2.67581563e+01
2.68583367e+01
2.69585170e+01
2.70586974e+01
2.71588778e+01
2.72590581e+01
2.73592385e+01
2.74594188e+01
2.75595992e+01
2.76597796e+01
2.77599599e+01
2.78601403e+01
2.79603206e+01
2.80605010e+01
2.81606814e+01
2.82608617e+01
2.83610421e+01
2.84612224e+01
2.85614028e+01
2.86615832e+01
2.87617635e+01
2.88619439e+01
2.89621242e+01
2.90623046e+01
2.91624850e+01
2.92626653e+01
2.93628457e+01
2.94630261e+01
2.95632064e+01
2.96633868e+01
2.97635671e+01
2.98637475e+01
2.99639279e+01
3.00641082e+01
3.01642886e+01
3.02644689e+01
3.03646493e+01
3.04648297e+01
3.05650100e+01
3.06651904e+01
3.07653707e+01
3.08655511e+01
3.09657315e+01
3.10659118e+01
3.11660922e+01
3.12662725e+01
3.13664529e+01
3.14666333e+01
3.15668136e+01
3.16669940e+01
3.17671743e+01
3.18673547e+01
3.19675351e+01
3.20677154e+01
3.21678958e+01
3.22680762e+01
3.23682565e+01
3.24684369e+01
3.25686172e+01
3.26687976e+01
3.27689780e+01
3.28691583e+01
3.29693387e+01
3.30695190e+01
3.31696994e+01
3.32698798e+01
3.33700601e+01
3.34702405e+01
3.35704208e+01
3.36706012e+01
3.37707816e+01
3.38709619e+01
3.39711423e+01
3.40713226e+01
3.41715030e+01
3.42716834e+01
3.43718637e+01
3.44720441e+01
3.45722244e+01
3.46724048e+01
3.47725852e+01
3.48727655e+01
3.49729459e+01
3.50731263e+01
3.51733066e+01
3.52734870e+01
3.53736673e+01
3.54738477e+01
3.55740281e+01
3.56742084e+01
3.57743888e+01
3.58745691e+01
3.59747495e+01
3.60749299e+01
3.61751102e+01
3.62752906e+01
3.63754709e+01
3.64756513e+01
3.65758317e+01
3.66760120e+01
3.67761924e+01
3.68763727e+01
3.69765531e+01
3.70767335e+01
3.71769138e+01
3.72770942e+01
3.73772745e+01
3.74774549e+01
3.75776353e+01
3.76778156e+01
3.77779960e+01
3.78781764e+01
3.79783567e+01
3.80785371e+01
3.81787174e+01
3.82788978e+01
3.83790782e+01
3.84792585e+01
3.85794389e+01
3.86796192e+01
3.87797996e+01
3.88799800e+01
3.89801603e+01
3.90803407e+01
3.91805210e+01
3.92807014e+01
3.93808818e+01
3.94810621e+01
3.95812425e+01
3.96814228e+01
3.97816032e+01
3.98817836e+01
3.99819639e+01
4.00821443e+01
4.01823246e+01
4.02825050e+01
4.03826854e+01
4.04828657e+01
4.05830461e+01
4.06832265e+01
4.07834068e+01
4.08835872e+01
4.09837675e+01
4.10839479e+01
4.11841283e+01
4.12843086e+01
4.13844890e+01
4.14846693e+01
4.15848497e+01
4.16850301e+01
4.17852104e+01
4.18853908e+01
4.19855711e+01
4.20857515e+01
4.21859319e+01
4.22861122e+01
4.23862926e+01
4.24864729e+01
4.25866533e+01
4.26868337e+01
4.27870140e+01
4.28871944e+01
4.29873747e+01
4.30875551e+01
4.31877355e+01
4.32879158e+01
4.33880962e+01
4.34882766e+01
4.35884569e+01
4.36886373e+01
4.37888176e+01
4.38889980e+01
4.39891784e+01
4.40893587e+01
4.41895391e+01
4.42897194e+01
4.43898998e+01
4.44900802e+01
4.45902605e+01
4.46904409e+01
4.47906212e+01
4.48908016e+01
4.49909820e+01
4.50911623e+01
4.51913427e+01
4.52915230e+01
4.53917034e+01
4.54918838e+01
4.55920641e+01
4.56922445e+01
4.57924248e+01
4.58926052e+01
4.59927856e+01
4.60929659e+01
4.61931463e+01
4.62933267e+01
4.63935070e+01
4.64936874e+01
4.65938677e+01
4.66940481e+01
4.67942285e+01
4.68944088e+01
4.69945892e+01
4.70947695e+01
4.71949499e+01
4.72951303e+01
4.73953106e+01
4.74954910e+01
4.75956713e+01
4.76958517e+01
4.77960321e+01
4.78962124e+01
4.79963928e+01
4.80965731e+01
4.81967535e+01
4.82969339e+01
4.83971142e+01
4.84972946e+01
4.85974749e+01
4.86976553e+01
4.87978357e+01
4.88980160e+01
4.89981964e+01
4.90983768e+01
4.91985571e+01
4.92987375e+01
4.93989178e+01
4.94990982e+01
4.95992786e+01
4.96994589e+01
4.97996393e+01
4.98998196e+01
5.00000000e+01
